a = 48/3 - 3^2
