ans =  13
ans = -5
v1 =

   1   2   3   4

v2 =

   1   2   3   4

